solid
facet normal -1.0 0.0 0.0
 outer loop
  vertex 8.426816 8.426816 4.213408000011098
  vertex 8.426816 6.056774002007918 6.0567740166473465
  vertex 8.426816 8.426816 8.426816
 endloop
endfacet
facet normal -1.0 -0.0 0.0
 outer loop
  vertex 8.426816 8.426816 8.426816
  vertex 8.426816 6.056774002007918 6.0567740166473465
  vertex 8.426816 4.213408000011098 8.426816
 endloop
endfacet
facet normal -1.0 0.0 0.0
 outer loop
  vertex 8.426816 8.426816 0.0
  vertex 8.426816 5.266759989041001 3.160056011239915
  vertex 8.426816 8.426816 4.213408000011098
 endloop
endfacet
facet normal -1.0 0.0 0.0
 outer loop
  vertex 8.426816 4.213408000011098 0.0
  vertex 8.426816 5.266759989041001 3.160056011239915
  vertex 8.426816 8.426816 0.0
 endloop
endfacet
facet normal -1.0 -0.0 0.0
 outer loop
  vertex 8.426816 4.213408000011098 8.426816
  vertex 8.426816 2.9131765850844635 5.513639337482376
  vertex 8.426816 0.0 8.426816
 endloop
endfacet
facet normal -1.0 0.0 0.0
 outer loop
  vertex 8.426816 0.0 8.426816
  vertex 8.426816 2.9131765850844635 5.513639337482376
  vertex 8.426816 0.0 4.213408000011098
 endloop
endfacet
facet normal -1.0 0.0 0.0
 outer loop
  vertex 8.426816 0.0 0.0
  vertex 8.426816 2.106703988903318 2.106703988903318
  vertex 8.426816 4.213408000011098 0.0
 endloop
endfacet
facet normal -1.0 0.0 0.0
 outer loop
  vertex 8.426816 0.0 4.213408000011098
  vertex 8.426816 2.106703988903318 2.106703988903318
  vertex 8.426816 0.0 0.0
 endloop
endfacet
facet normal -1.0 0.0 0.0
 outer loop
  vertex 8.426816 5.266759989041001 3.160056011239915
  vertex 8.426816 6.056774002007918 6.0567740166473465
  vertex 8.426816 8.426816 4.213408000011098
 endloop
endfacet
facet normal -1.0 -0.0 0.0
 outer loop
  vertex 8.426816 6.056774002007918 6.0567740166473465
  vertex 8.426816 2.9131765850844635 5.513639337482376
  vertex 8.426816 4.213408000011098 8.426816
 endloop
endfacet
facet normal -1.0 0.0 0.0
 outer loop
  vertex 8.426816 2.106703988903318 2.106703988903318
  vertex 8.426816 5.266759989041001 3.160056011239915
  vertex 8.426816 4.213408000011098 0.0
 endloop
endfacet
facet normal -1.0 0.0 0.0
 outer loop
  vertex 8.426816 0.0 4.213408000011098
  vertex 8.426816 2.9131765850844635 5.513639337482376
  vertex 8.426816 2.106703988903318 2.106703988903318
 endloop
endfacet
facet normal -1.0 0.0 0.0
 outer loop
  vertex 8.426816 2.106703988903318 2.106703988903318
  vertex 8.426816 2.9131765850844635 5.513639337482376
  vertex 8.426816 5.266759989041001 3.160056011239915
 endloop
endfacet
facet normal -1.0 0.0 0.0
 outer loop
  vertex 8.426816 5.266759989041001 3.160056011239915
  vertex 8.426816 2.9131765850844635 5.513639337482376
  vertex 8.426816 6.056774002007918 6.0567740166473465
 endloop
endfacet
facet normal 0.0 1.0 -0.0
 outer loop
  vertex 8.426816 8.426816 4.213408000011098
  vertex 6.056774002007918 8.426816 6.0567740166473465
  vertex 8.426816 8.426816 8.426816
 endloop
endfacet
facet normal 0.0 1.0 0.0
 outer loop
  vertex 8.426816 8.426816 8.426816
  vertex 6.056774002007918 8.426816 6.0567740166473465
  vertex 4.213408000011098 8.426816 8.426816
 endloop
endfacet
facet normal 0.0 1.0 -0.0
 outer loop
  vertex 8.426816 8.426816 0.0
  vertex 5.266759989041001 8.426816 3.160056011239915
  vertex 8.426816 8.426816 4.213408000011098
 endloop
endfacet
facet normal 0.0 1.0 0.0
 outer loop
  vertex 4.213408000011098 8.426816 0.0
  vertex 5.266759989041001 8.426816 3.160056011239915
  vertex 8.426816 8.426816 0.0
 endloop
endfacet
facet normal 0.0 1.0 0.0
 outer loop
  vertex 4.213408000011098 8.426816 8.426816
  vertex 2.9131765850844635 8.426816 5.513639337482376
  vertex 0.0 8.426816 8.426816
 endloop
endfacet
facet normal 0.0 1.0 0.0
 outer loop
  vertex 0.0 8.426816 8.426816
  vertex 2.9131765850844635 8.426816 5.513639337482376
  vertex 0.0 8.426816 4.213408000011098
 endloop
endfacet
facet normal 0.0 1.0 0.0
 outer loop
  vertex 0.0 8.426816 0.0
  vertex 2.106703988903318 8.426816 2.106703988903318
  vertex 4.213408000011098 8.426816 0.0
 endloop
endfacet
facet normal 0.0 1.0 0.0
 outer loop
  vertex 0.0 8.426816 4.213408000011098
  vertex 2.106703988903318 8.426816 2.106703988903318
  vertex 0.0 8.426816 0.0
 endloop
endfacet
facet normal 0.0 1.0 0.0
 outer loop
  vertex 5.266759989041001 8.426816 3.160056011239915
  vertex 6.056774002007918 8.426816 6.0567740166473465
  vertex 8.426816 8.426816 4.213408000011098
 endloop
endfacet
facet normal 0.0 1.0 0.0
 outer loop
  vertex 6.056774002007918 8.426816 6.0567740166473465
  vertex 2.9131765850844635 8.426816 5.513639337482376
  vertex 4.213408000011098 8.426816 8.426816
 endloop
endfacet
facet normal -0.0 1.0 0.0
 outer loop
  vertex 2.106703988903318 8.426816 2.106703988903318
  vertex 5.266759989041001 8.426816 3.160056011239915
  vertex 4.213408000011098 8.426816 0.0
 endloop
endfacet
facet normal -0.0 1.0 0.0
 outer loop
  vertex 0.0 8.426816 4.213408000011098
  vertex 2.9131765850844635 8.426816 5.513639337482376
  vertex 2.106703988903318 8.426816 2.106703988903318
 endloop
endfacet
facet normal 0.0 1.0 0.0
 outer loop
  vertex 2.106703988903318 8.426816 2.106703988903318
  vertex 2.9131765850844635 8.426816 5.513639337482376
  vertex 5.266759989041001 8.426816 3.160056011239915
 endloop
endfacet
facet normal 0.0 1.0 -0.0
 outer loop
  vertex 5.266759989041001 8.426816 3.160056011239915
  vertex 2.9131765850844635 8.426816 5.513639337482376
  vertex 6.056774002007918 8.426816 6.0567740166473465
 endloop
endfacet
facet normal 0.0 0.0 -1.0
 outer loop
  vertex 8.426816 4.213408000011098 8.426816
  vertex 6.056774002007918 6.0567740166473465 8.426816
  vertex 8.426816 8.426816 8.426816
 endloop
endfacet
facet normal -0.0 0.0 -1.0
 outer loop
  vertex 8.426816 8.426816 8.426816
  vertex 6.056774002007918 6.0567740166473465 8.426816
  vertex 4.213408000011098 8.426816 8.426816
 endloop
endfacet
facet normal 0.0 0.0 -1.0
 outer loop
  vertex 8.426816 0.0 8.426816
  vertex 5.266759989041001 3.160056011239915 8.426816
  vertex 8.426816 4.213408000011098 8.426816
 endloop
endfacet
facet normal 0.0 0.0 -1.0
 outer loop
  vertex 4.213408000011098 0.0 8.426816
  vertex 5.266759989041001 3.160056011239915 8.426816
  vertex 8.426816 0.0 8.426816
 endloop
endfacet
facet normal -0.0 0.0 -1.0
 outer loop
  vertex 4.213408000011098 8.426816 8.426816
  vertex 2.9131765850844635 5.513639337482376 8.426816
  vertex 0.0 8.426816 8.426816
 endloop
endfacet
facet normal 0.0 0.0 -1.0
 outer loop
  vertex 0.0 8.426816 8.426816
  vertex 2.9131765850844635 5.513639337482376 8.426816
  vertex 0.0 4.213408000011098 8.426816
 endloop
endfacet
facet normal 0.0 0.0 -1.0
 outer loop
  vertex 0.0 0.0 8.426816
  vertex 2.106703988903318 2.106703988903318 8.426816
  vertex 4.213408000011098 0.0 8.426816
 endloop
endfacet
facet normal 0.0 0.0 -1.0
 outer loop
  vertex 0.0 4.213408000011098 8.426816
  vertex 2.106703988903318 2.106703988903318 8.426816
  vertex 0.0 0.0 8.426816
 endloop
endfacet
facet normal 0.0 0.0 -1.0
 outer loop
  vertex 5.266759989041001 3.160056011239915 8.426816
  vertex 6.056774002007918 6.0567740166473465 8.426816
  vertex 8.426816 4.213408000011098 8.426816
 endloop
endfacet
facet normal -0.0 0.0 -1.0
 outer loop
  vertex 6.056774002007918 6.0567740166473465 8.426816
  vertex 2.9131765850844635 5.513639337482376 8.426816
  vertex 4.213408000011098 8.426816 8.426816
 endloop
endfacet
facet normal 0.0 0.0 -1.0
 outer loop
  vertex 2.106703988903318 2.106703988903318 8.426816
  vertex 5.266759989041001 3.160056011239915 8.426816
  vertex 4.213408000011098 0.0 8.426816
 endloop
endfacet
facet normal 0.0 0.0 -1.0
 outer loop
  vertex 0.0 4.213408000011098 8.426816
  vertex 2.9131765850844635 5.513639337482376 8.426816
  vertex 2.106703988903318 2.106703988903318 8.426816
 endloop
endfacet
facet normal 0.0 0.0 -1.0
 outer loop
  vertex 2.106703988903318 2.106703988903318 8.426816
  vertex 2.9131765850844635 5.513639337482376 8.426816
  vertex 5.266759989041001 3.160056011239915 8.426816
 endloop
endfacet
facet normal 0.0 0.0 -1.0
 outer loop
  vertex 5.266759989041001 3.160056011239915 8.426816
  vertex 2.9131765850844635 5.513639337482376 8.426816
  vertex 6.056774002007918 6.0567740166473465 8.426816
 endloop
endfacet
facet normal 0.0 0.0 -1.0
 outer loop
  vertex 8.426816 4.213408000011098 0.0
  vertex 6.056774002007918 6.056774016647345 0.0
  vertex 8.426816 8.426816 0.0
 endloop
endfacet
facet normal -0.0 0.0 -1.0
 outer loop
  vertex 8.426816 8.426816 0.0
  vertex 6.056774002007918 6.056774016647345 0.0
  vertex 4.213408000011098 8.426816 0.0
 endloop
endfacet
facet normal 0.0 0.0 -1.0
 outer loop
  vertex 8.426816 0.0 0.0
  vertex 5.266759989041 3.1600560112399156 0.0
  vertex 8.426816 4.213408000011098 0.0
 endloop
endfacet
facet normal 0.0 0.0 -1.0
 outer loop
  vertex 4.213408000011098 0.0 0.0
  vertex 5.266759989041 3.1600560112399156 0.0
  vertex 8.426816 0.0 0.0
 endloop
endfacet
facet normal -0.0 0.0 -1.0
 outer loop
  vertex 4.213408000011098 8.426816 0.0
  vertex 2.9131765850844626 5.513639337482376 0.0
  vertex 0.0 8.426816 0.0
 endloop
endfacet
facet normal 0.0 0.0 -1.0
 outer loop
  vertex 0.0 8.426816 0.0
  vertex 2.9131765850844626 5.513639337482376 0.0
  vertex 0.0 4.213408000011098 0.0
 endloop
endfacet
facet normal 0.0 0.0 -1.0
 outer loop
  vertex 0.0 0.0 0.0
  vertex 2.106703988903318 2.106703988903318 0.0
  vertex 4.213408000011098 0.0 0.0
 endloop
endfacet
facet normal 0.0 0.0 -1.0
 outer loop
  vertex 0.0 4.213408000011098 0.0
  vertex 2.106703988903318 2.106703988903318 0.0
  vertex 0.0 0.0 0.0
 endloop
endfacet
facet normal 0.0 0.0 -1.0
 outer loop
  vertex 5.266759989041 3.1600560112399156 0.0
  vertex 6.056774002007918 6.056774016647345 0.0
  vertex 8.426816 4.213408000011098 0.0
 endloop
endfacet
facet normal -0.0 0.0 -1.0
 outer loop
  vertex 6.056774002007918 6.056774016647345 0.0
  vertex 2.9131765850844626 5.513639337482376 0.0
  vertex 4.213408000011098 8.426816 0.0
 endloop
endfacet
facet normal 0.0 0.0 -1.0
 outer loop
  vertex 2.106703988903318 2.106703988903318 0.0
  vertex 5.266759989041 3.1600560112399156 0.0
  vertex 4.213408000011098 0.0 0.0
 endloop
endfacet
facet normal 0.0 0.0 -1.0
 outer loop
  vertex 0.0 4.213408000011098 0.0
  vertex 2.9131765850844626 5.513639337482376 0.0
  vertex 2.106703988903318 2.106703988903318 0.0
 endloop
endfacet
facet normal 0.0 0.0 -1.0
 outer loop
  vertex 2.106703988903318 2.106703988903318 0.0
  vertex 2.9131765850844626 5.513639337482376 0.0
  vertex 5.266759989041 3.1600560112399156 0.0
 endloop
endfacet
facet normal 0.0 0.0 -1.0
 outer loop
  vertex 5.266759989041 3.1600560112399156 0.0
  vertex 2.9131765850844626 5.513639337482376 0.0
  vertex 6.056774002007918 6.056774016647345 0.0
 endloop
endfacet
facet normal 0.0 1.0 -0.0
 outer loop
  vertex 8.426816 0.0 4.213408000011098
  vertex 6.056774002007918 0.0 6.056774016647345
  vertex 8.426816 0.0 8.426816
 endloop
endfacet
facet normal 0.0 1.0 0.0
 outer loop
  vertex 8.426816 0.0 8.426816
  vertex 6.056774002007918 0.0 6.056774016647345
  vertex 4.213408000011098 0.0 8.426816
 endloop
endfacet
facet normal 0.0 1.0 -0.0
 outer loop
  vertex 8.426816 0.0 0.0
  vertex 5.266759989041 0.0 3.1600560112399156
  vertex 8.426816 0.0 4.213408000011098
 endloop
endfacet
facet normal 0.0 1.0 0.0
 outer loop
  vertex 4.213408000011098 0.0 0.0
  vertex 5.266759989041 0.0 3.1600560112399156
  vertex 8.426816 0.0 0.0
 endloop
endfacet
facet normal 0.0 1.0 0.0
 outer loop
  vertex 4.213408000011098 0.0 8.426816
  vertex 2.9131765850844626 0.0 5.513639337482376
  vertex 0.0 0.0 8.426816
 endloop
endfacet
facet normal 0.0 1.0 0.0
 outer loop
  vertex 0.0 0.0 8.426816
  vertex 2.9131765850844626 0.0 5.513639337482376
  vertex 0.0 0.0 4.213408000011098
 endloop
endfacet
facet normal 0.0 1.0 0.0
 outer loop
  vertex 0.0 0.0 0.0
  vertex 2.106703988903318 0.0 2.106703988903318
  vertex 4.213408000011098 0.0 0.0
 endloop
endfacet
facet normal 0.0 1.0 0.0
 outer loop
  vertex 0.0 0.0 4.213408000011098
  vertex 2.106703988903318 0.0 2.106703988903318
  vertex 0.0 0.0 0.0
 endloop
endfacet
facet normal 0.0 1.0 0.0
 outer loop
  vertex 5.266759989041 0.0 3.1600560112399156
  vertex 6.056774002007918 0.0 6.056774016647345
  vertex 8.426816 0.0 4.213408000011098
 endloop
endfacet
facet normal 0.0 1.0 0.0
 outer loop
  vertex 6.056774002007918 0.0 6.056774016647345
  vertex 2.9131765850844626 0.0 5.513639337482376
  vertex 4.213408000011098 0.0 8.426816
 endloop
endfacet
facet normal -0.0 1.0 0.0
 outer loop
  vertex 2.106703988903318 0.0 2.106703988903318
  vertex 5.266759989041 0.0 3.1600560112399156
  vertex 4.213408000011098 0.0 0.0
 endloop
endfacet
facet normal -0.0 1.0 0.0
 outer loop
  vertex 0.0 0.0 4.213408000011098
  vertex 2.9131765850844626 0.0 5.513639337482376
  vertex 2.106703988903318 0.0 2.106703988903318
 endloop
endfacet
facet normal 0.0 1.0 0.0
 outer loop
  vertex 2.106703988903318 0.0 2.106703988903318
  vertex 2.9131765850844626 0.0 5.513639337482376
  vertex 5.266759989041 0.0 3.1600560112399156
 endloop
endfacet
facet normal 0.0 1.0 -0.0
 outer loop
  vertex 5.266759989041 0.0 3.1600560112399156
  vertex 2.9131765850844626 0.0 5.513639337482376
  vertex 6.056774002007918 0.0 6.056774016647345
 endloop
endfacet
facet normal -1.0 0.0 0.0
 outer loop
  vertex 0.0 8.426816 4.213408000011098
  vertex 0.0 6.056774002007918 6.056774016647345
  vertex 0.0 8.426816 8.426816
 endloop
endfacet
facet normal -1.0 -0.0 0.0
 outer loop
  vertex 0.0 8.426816 8.426816
  vertex 0.0 6.056774002007918 6.056774016647345
  vertex 0.0 4.213408000011098 8.426816
 endloop
endfacet
facet normal -1.0 0.0 0.0
 outer loop
  vertex 0.0 8.426816 0.0
  vertex 0.0 5.266759989041 3.1600560112399156
  vertex 0.0 8.426816 4.213408000011098
 endloop
endfacet
facet normal -1.0 0.0 0.0
 outer loop
  vertex 0.0 4.213408000011098 0.0
  vertex 0.0 5.266759989041 3.1600560112399156
  vertex 0.0 8.426816 0.0
 endloop
endfacet
facet normal -1.0 -0.0 0.0
 outer loop
  vertex 0.0 4.213408000011098 8.426816
  vertex 0.0 2.9131765850844626 5.513639337482376
  vertex 0.0 0.0 8.426816
 endloop
endfacet
facet normal -1.0 0.0 0.0
 outer loop
  vertex 0.0 0.0 8.426816
  vertex 0.0 2.9131765850844626 5.513639337482376
  vertex 0.0 0.0 4.213408000011098
 endloop
endfacet
facet normal -1.0 0.0 0.0
 outer loop
  vertex 0.0 0.0 0.0
  vertex 0.0 2.106703988903318 2.106703988903318
  vertex 0.0 4.213408000011098 0.0
 endloop
endfacet
facet normal -1.0 0.0 0.0
 outer loop
  vertex 0.0 0.0 4.213408000011098
  vertex 0.0 2.106703988903318 2.106703988903318
  vertex 0.0 0.0 0.0
 endloop
endfacet
facet normal -1.0 0.0 0.0
 outer loop
  vertex 0.0 5.266759989041 3.1600560112399156
  vertex 0.0 6.056774002007918 6.056774016647345
  vertex 0.0 8.426816 4.213408000011098
 endloop
endfacet
facet normal -1.0 -0.0 0.0
 outer loop
  vertex 0.0 6.056774002007918 6.056774016647345
  vertex 0.0 2.9131765850844626 5.513639337482376
  vertex 0.0 4.213408000011098 8.426816
 endloop
endfacet
facet normal -1.0 0.0 0.0
 outer loop
  vertex 0.0 2.106703988903318 2.106703988903318
  vertex 0.0 5.266759989041 3.1600560112399156
  vertex 0.0 4.213408000011098 0.0
 endloop
endfacet
facet normal -1.0 0.0 0.0
 outer loop
  vertex 0.0 0.0 4.213408000011098
  vertex 0.0 2.9131765850844626 5.513639337482376
  vertex 0.0 2.106703988903318 2.106703988903318
 endloop
endfacet
facet normal -1.0 0.0 0.0
 outer loop
  vertex 0.0 2.106703988903318 2.106703988903318
  vertex 0.0 2.9131765850844626 5.513639337482376
  vertex 0.0 5.266759989041 3.1600560112399156
 endloop
endfacet
facet normal -1.0 0.0 0.0
 outer loop
  vertex 0.0 5.266759989041 3.1600560112399156
  vertex 0.0 2.9131765850844626 5.513639337482376
  vertex 0.0 6.056774002007918 6.056774016647345
 endloop
endfacet
endsolid
